Ke = 0.623;
Kt = 0.333;
J1 = 0.00072;
J2 = 0.00072;
Jg = 9.158;
Jm = 9.158;
T = 2.059;
Tm = 315.33;
McZ = 0.839;
Mcx = 1.1414;
Mcy =2.036;
B = 0.0244;
R = 2.1;
L = 0.00163;
V = 10;
K1=7.23e10;
K2=7.23e10;
K3=7.23e10;
Ff= 0.74;
Referencia =0.35;
G=50;




